9.998170733451843262e-01
9.999577999114990234e-01
7.716913387412205338e-05
2.867558102082057303e-08
1.799929741537198424e-04
9.998245835304260254e-01
9.994302392005920410e-01
9.970740079879760742e-01
9.999046325683593750e-01
1.146764043369330466e-05
9.984682202339172363e-01
9.978688955307006836e-01
4.197390750050544739e-02
9.989126920700073242e-01
9.999232292175292969e-01
9.944842457771301270e-01
7.371952960966154933e-06
7.862662672996520996e-01
8.292490605299462914e-08
9.987407326698303223e-01
1.059108506888151169e-02
9.991258978843688965e-01
1.021294810925610363e-04
9.992442131042480469e-01
9.999867677688598633e-01
9.943120479583740234e-01
5.750488117337226868e-02
8.321229643115657382e-07
9.976897239685058594e-01
9.997206330299377441e-01
9.984934329986572266e-01
1.495066044299164787e-06
5.442880865302868187e-05
9.999029636383056641e-01
9.992383718490600586e-01
9.984455704689025879e-01
9.970495700836181641e-01
1.196677098050713539e-03
9.998298883438110352e-01
1.467087076889583841e-05
9.997063279151916504e-01
9.998422861099243164e-01
3.411113619804382324e-01
2.577877603471279144e-05
2.940709600807167590e-05
9.957150816917419434e-01
9.978513717651367188e-01
9.995408058166503906e-01
9.030733849613170605e-08
4.203544534675529576e-08
9.966296553611755371e-01
2.037649537669494748e-04
9.997420907020568848e-01
9.962666630744934082e-01
4.299354259273968637e-05
8.550899224246677477e-07
9.981054067611694336e-01
9.816436171531677246e-01
1.050138816935941577e-04
1.000000000000000000e+00
9.981530308723449707e-01
7.968245190568268299e-04
1.204462932946626097e-06
9.989979863166809082e-01
2.284295856952667236e-03
9.951723217964172363e-01
3.602216541767120361e-01
9.987990856170654297e-01
9.989665746688842773e-01
9.999771118164062500e-01
1.837221680034417659e-05
9.994477629661560059e-01
9.728225469589233398e-01
2.004055827856063843e-01
1.575935166329145432e-04
9.991902709007263184e-01
9.207637674535362748e-08
2.668763045221567154e-04
3.363244559295708314e-06
9.999461174011230469e-01
4.484925000269868178e-07
1.031140517443418503e-02
9.997016787528991699e-01
1.123724578064866364e-04
6.309201568365097046e-02
7.441597205115613178e-08
6.854702405689749867e-06
9.989816546440124512e-01
9.986516833305358887e-01
7.836875397515541408e-07
9.990217685699462891e-01
9.998672008514404297e-01
5.326924920082092285e-01
2.154342364519834518e-04
9.976038336753845215e-01
9.967467784881591797e-01
9.999969005584716797e-01
9.982037544250488281e-01
1.706013063085265458e-05
9.988065958023071289e-01
9.993461966514587402e-01
4.980011284351348877e-01
5.559591954806819558e-05
2.751935141986905364e-07
9.995059967041015625e-01
9.976899623870849609e-01
2.468894990670378320e-06
9.995142221450805664e-01
9.987193346023559570e-01
3.479814529418945312e-01
6.651749572483822703e-05
2.768260799348354340e-02
9.980340600013732910e-01
9.981660246849060059e-01
5.496780886460328475e-06
9.999698400497436523e-01
9.997329115867614746e-01
9.940032362937927246e-01
9.999796152114868164e-01
7.727591582806780934e-05
9.841328574111685157e-05
9.949086308479309082e-01
9.999382495880126953e-01
9.999992847442626953e-01
9.978628754615783691e-01
9.983201622962951660e-01
9.986400008201599121e-01
9.974479675292968750e-01
1.763720512390136719e-01
5.223288826528005302e-05
4.246136313668102957e-07
9.981781244277954102e-01
9.995031356811523438e-01
4.618548388179988251e-08
7.122554816305637360e-03
9.105746448040008545e-02
1.541274627925304230e-06
3.413413423913880251e-06
6.673103052889928222e-05
9.613233208656311035e-01
1.785145998001098633e-01
8.227828741073608398e-01
5.467019081115722656e-01
1.121915465773781762e-05
1.914645172655582428e-02
1.304115430684760213e-04
9.999732971191406250e-01
9.999662637710571289e-01
5.523925574379973114e-05
9.976886510848999023e-01
7.349871680162323173e-07
9.996498823165893555e-01
9.980794191360473633e-01
9.998680353164672852e-01
9.978341460227966309e-01
1.143361702561378479e-01
1.247576903551816940e-03
4.898972692899405956e-04
7.126885931938886642e-03
9.985396862030029297e-01
1.266989950090646744e-02
1.212794799357652664e-02
1.401797703692864161e-06
1.000000000000000000e+00
9.999991655349731445e-01
9.514797329902648926e-01
3.027334110811352730e-03
1.400564797222614288e-02
9.991436004638671875e-01
2.814335289258451667e-07
1.664533192524686456e-04
9.916980266571044922e-01
4.506792538450099528e-05
5.067982128821313381e-04
3.050639861612580717e-06
9.999325275421142578e-01
9.998445510864257812e-01
2.935936674475669861e-02
9.682425856590270996e-01
9.996827840805053711e-01
1.000000000000000000e+00
9.991608858108520508e-01
1.000000000000000000e+00
3.580530119506875053e-06
4.924993390886811540e-07
2.819132873810303863e-07
1.670808501330611762e-06
2.775061726570129395e-01
3.597526811063289642e-03
1.685444847680628300e-03
9.957432150840759277e-01
9.985316991806030273e-01
9.985141158103942871e-01
1.000000000000000000e+00
9.952766895294189453e-01
9.993711113929748535e-01
1.217987488644212135e-07
1.004177102004177868e-05
9.959673881530761719e-01
9.997509121894836426e-01
9.995902180671691895e-01
9.998546838760375977e-01
9.999774694442749023e-01
9.998034834861755371e-01
7.129109501838684082e-01
9.987736344337463379e-01
1.315553789027035236e-03
2.889054303523153067e-04
9.997412562370300293e-01
2.597003458504332229e-06
9.992388486862182617e-01
9.991820454597473145e-01
2.387261019975994714e-07
9.938649535179138184e-01
8.401374361710622907e-05
9.988415837287902832e-01
9.999778270721435547e-01
5.262344609946012497e-03
9.962528944015502930e-01
7.444176007993519306e-04
1.105028673009655904e-06
1.672877115197479725e-04
4.632263153325766325e-05
1.766361482441425323e-02
3.647620360425207764e-06
9.997273087501525879e-01
9.984795451164245605e-01
9.999723434448242188e-01
9.978842139244079590e-01
1.105236933085507189e-07
9.992393255233764648e-01
8.234209235524758697e-05
9.999852180480957031e-01
9.999356269836425781e-01
9.981895089149475098e-01
9.940931200981140137e-01
4.400711357593536377e-01
9.970042109489440918e-01
8.989844354800879955e-05
9.991938471794128418e-01
4.016594903077930212e-05
9.980965256690979004e-01
1.899382798001170158e-03
6.179905962198972702e-03
7.563213785033440217e-06
9.985095858573913574e-01
1.040923781692981720e-02
1.850770320743322372e-03
9.978998899459838867e-01
9.984649419784545898e-01
2.660360587469767779e-05
9.999994039535522461e-01
1.000000000000000000e+00
9.952666759490966797e-01
9.998155236244201660e-01
9.999099969863891602e-01
5.718974080082261935e-06
9.999986886978149414e-01
8.834467083215713501e-02
3.245318964673060691e-07
4.111717862542718649e-04
9.997504353523254395e-01
1.000000000000000000e+00
2.399969380348920822e-04
5.580502911470830441e-04
5.817703276989050210e-05
1.109577016904950142e-03
9.985467791557312012e-01
9.987570047378540039e-01
1.977662905119359493e-04
1.076960191130638123e-02
9.998590946197509766e-01
1.394134713336825371e-03
8.320660072058672085e-08
9.995614886283874512e-01
6.772980093955993652e-03
9.999994039535522461e-01
2.227779441454913467e-05
9.992704987525939941e-01
1.728843053570017219e-04
1.725705456919968128e-03
4.188173534203087911e-06
9.999992847442626953e-01
9.999083280563354492e-01
9.773053761819028296e-07
9.996335506439208984e-01
8.715121657587587833e-04
9.988530874252319336e-01
5.047630111221224070e-06
8.774826526641845703e-01
9.974505305290222168e-01
1.833675894886255264e-03
1.367773208767175674e-02
9.998213648796081543e-01
9.977065324783325195e-01
9.376748800277709961e-01
5.455212295055389404e-02
9.938663424691185355e-05
9.997727274894714355e-01
7.487900802516378462e-06
5.163231119513511658e-02
9.998502731323242188e-01
2.051662595476955175e-04
8.811114093987271190e-05
4.560971865430474281e-04
9.959737658500671387e-01
9.988861680030822754e-01
9.998347759246826172e-01
3.049035440199077129e-04
9.845700860023498535e-01
9.997314810752868652e-01
9.997013211250305176e-01
1.833009264373686165e-05
8.900381624698638916e-03
9.998857975006103516e-01
3.800895512104034424e-01
1.446691300088787102e-07
9.986409544944763184e-01
9.996213912963867188e-01
6.157446652650833130e-03
1.858925458009252907e-08
9.999883174896240234e-01
1.217987488644212135e-07
9.999316930770874023e-01
9.979279041290283203e-01
6.517586007248610258e-05
9.640517830848693848e-01
9.992092251777648926e-01
2.378179669904056937e-05
9.997981190681457520e-01
9.999358654022216797e-01
1.716549013508483768e-05
1.000000000000000000e+00
9.962989687919616699e-01
9.994057416915893555e-01
9.997376799583435059e-01
1.879545045085251331e-03
6.479155272245407104e-04
3.110813200473785400e-01
8.588100172346457839e-05
