1.055846078088507056e-04
9.996184110641479492e-01
9.988327622413635254e-01
1.080882921814918518e-02
9.998354911804199219e-01
9.996678829193115234e-01
4.652339703170582652e-05
9.994755387306213379e-01
9.999407529830932617e-01
9.203647096001077443e-06
4.537770582828670740e-04
9.999202489852905273e-01
8.087532478384673595e-06
4.128427535761147738e-04
3.400864898139843717e-06
8.204989399018813856e-07
9.991598129272460938e-01
3.164954541716724634e-04
9.995048046112060547e-01
9.997791647911071777e-01
3.813074954450712539e-06
9.999796152114868164e-01
9.996948242187500000e-01
1.358735524092935520e-08
4.546971321105957031e-01
9.998619556427001953e-01
9.999784231185913086e-01
9.961329698562622070e-01
9.999852180480957031e-01
9.996829032897949219e-01
9.187066325466730632e-07
1.404406066285446286e-04
6.734889466315507889e-04
9.999265670776367188e-01
1.778027653926983476e-04
3.589516272768378258e-04
9.993392825126647949e-01
7.595997452735900879e-01
4.174038167548133060e-06
2.258693029943970032e-06
9.998657703399658203e-01
9.996156692504882812e-01
9.998075366020202637e-01
3.361195467732613906e-06
9.999263286590576172e-01
1.020508538931608200e-02
4.164377855886414181e-07
9.998569488525390625e-01
9.995549321174621582e-01
9.998522996902465820e-01
9.998861551284790039e-01
1.573814915900584310e-05
6.809098720550537109e-01
9.993956089019775391e-01
9.997207522392272949e-01
9.993616938591003418e-01
3.169402945786714554e-03
7.292451300600077957e-07
9.995106458663940430e-01
9.998020529747009277e-01
4.386622458696365356e-03
9.992266893386840820e-01
5.805345177650451660e-01
1.758179166699846974e-07
9.999130964279174805e-01
9.999607801437377930e-01
2.121776778949424624e-04
9.997410178184509277e-01
9.998227953910827637e-01
2.653387855389155447e-05
6.454980393755249679e-06
4.320117659517563879e-05
9.999852180480957031e-01
9.998251795768737793e-01
9.998150467872619629e-01
9.992890357971191406e-01
3.530213234625989571e-06
8.400084183790568204e-09
9.996991157531738281e-01
1.581708493176847696e-04
9.990498423576354980e-01
9.453506208956241608e-04
6.934154498594580218e-06
9.996852874755859375e-01
4.477744823816465214e-07
8.834253549575805664e-01
9.997959733009338379e-01
3.078351028307224624e-06
9.997907280921936035e-01
8.906962466426193714e-05
9.993785619735717773e-01
1.004597215796820819e-04
8.819155693054199219e-01
5.848631190019659698e-05
3.466584166744723916e-05
9.978675842285156250e-01
1.897236074910324533e-07
2.215389162302017212e-03
2.953519833681639284e-05
9.996567964553833008e-01
9.997221827507019043e-01
6.424028106266632676e-05
9.999521970748901367e-01
8.461385903046902968e-08
9.997751116752624512e-01
1.031637907544791233e-06
9.861918687820434570e-01
1.000000000000000000e+00
5.244176281848922372e-05
9.995864033699035645e-01
9.904037714004516602e-01
9.998865127563476562e-01
9.996644258499145508e-01
9.999998807907104492e-01
3.201260988134890795e-04
9.999452829360961914e-01
5.950876511633396149e-04
9.999998807907104492e-01
7.858902790758293122e-06
9.997380375862121582e-01
1.364160445518791676e-03
9.994531273841857910e-01
9.998408555984497070e-01
7.365611054410692304e-08
7.778041617712005973e-05
9.997685551643371582e-01
9.998586177825927734e-01
9.997072815895080566e-01
9.997013211250305176e-01
9.999998807907104492e-01
2.655859354661060934e-08
3.394127706997096539e-04
9.998652935028076172e-01
5.932585054324590601e-07
9.998534917831420898e-01
6.073057647881796584e-07
3.969974350184202194e-03
2.548347692936658859e-03
1.702622394077479839e-04
7.066305261105298996e-05
3.450065851211547852e-04
1.000000000000000000e+00
9.999849796295166016e-01
4.506474579102359712e-05
9.994307160377502441e-01
9.999324083328247070e-01
9.999766349792480469e-01
9.996005892753601074e-01
9.996483325958251953e-01
9.993597865104675293e-01
2.645338885486125946e-03
9.998496770858764648e-01
9.994743466377258301e-01
9.996374845504760742e-01
4.582412293530069292e-05
9.996304512023925781e-01
5.962346214801073074e-03
9.997434020042419434e-01
9.996973276138305664e-01
6.946935172891244292e-05
1.000000000000000000e+00
9.993532299995422363e-01
9.992640614509582520e-01
3.137399318120515090e-08
9.994767308235168457e-01
3.104138374328613281e-01
2.412157627986744046e-04
1.929234485942288302e-06
9.994941949844360352e-01
9.997536540031433105e-01
9.998539686203002930e-01
9.998981952667236328e-01
9.992869496345520020e-01
9.998143315315246582e-01
2.915234267711639404e-01
1.118285232223570347e-03
9.996467828750610352e-01
9.990447163581848145e-01
9.995608925819396973e-01
9.994694590568542480e-01
3.532369737513363361e-04
8.430860179942101240e-05
9.997022747993469238e-01
9.997397065162658691e-01
2.168220132589340210e-01
2.298415347468107939e-04
9.994581341743469238e-01
3.332749429318937473e-06
1.745743247738573700e-06
9.407221078872680664e-01
2.562376903370022774e-04
9.989114999771118164e-01
9.999995231628417969e-01
4.012138742837123573e-05
5.733712459914386272e-04
9.999997615814208984e-01
9.999743700027465820e-01
9.997244477272033691e-01
1.354085696902984637e-07
4.963170340488431975e-06
3.936268331017345190e-04
9.998472929000854492e-01
3.670342607620113995e-08
1.864111516624689102e-03
9.999852180480957031e-01
9.996790885925292969e-01
9.997974038124084473e-01
9.996036887168884277e-01
9.998806715011596680e-01
9.999682903289794922e-01
6.969435811042785645e-01
2.673351318094319140e-09
4.033000441268086433e-04
9.997813105583190918e-01
7.728950549790170044e-06
2.268788712456171197e-08
9.994797110557556152e-01
9.996974468231201172e-01
9.998564720153808594e-01
6.143712198536377400e-06
9.985312223434448242e-01
1.939681917428970337e-02
9.999998807907104492e-01
3.205451066605746746e-04
9.625422954559326172e-01
8.875171840190887451e-02
9.999086856842041016e-01
9.998193383216857910e-01
9.999183416366577148e-01
9.982190728187561035e-01
7.987977266311645508e-01
9.998022913932800293e-01
9.559841752052307129e-01
9.990548491477966309e-01
2.483080839738249779e-03
9.997631907463073730e-01
9.999172687530517578e-01
9.998231530189514160e-01
3.432152792811393738e-02
1.584223471581935883e-03
3.889734671247424558e-06
7.039242291284608655e-07
1.567045842421066482e-06
1.000000000000000000e+00
1.906720804981887341e-03
1.000000000000000000e+00
1.000000000000000000e+00
9.997424483299255371e-01
9.995738863945007324e-01
5.701606642105616629e-05
2.587245944596361369e-06
5.716901796404272318e-08
9.997984766960144043e-01
9.994026422500610352e-01
5.387298187997657806e-06
6.729529644644571817e-08
4.044049605727195740e-02
9.995676875114440918e-01
9.999312162399291992e-01
4.677671938679850427e-08
3.455035090446472168e-01
8.392143645323812962e-04
2.728503895923495293e-04
9.901130199432373047e-01
9.991117119789123535e-01
4.745870537590235472e-04
1.076459193427581340e-05
1.114300801418721676e-03
3.924570337403565645e-04
9.999295473098754883e-01
9.998494386672973633e-01
9.995551705360412598e-01
9.998773336410522461e-01
8.888453351119096624e-08
9.996211528778076172e-01
9.997939467430114746e-01
2.692113048397004604e-04
6.784651279449462891e-01
9.998636245727539062e-01
1.358693558722734451e-02
5.244053900241851807e-04
4.910953575745224953e-04
3.334944844245910645e-01
4.158709089097101241e-06
9.999057054519653320e-01
9.999214410781860352e-01
1.000000000000000000e+00
1.555585185997188091e-06
9.876178810372948647e-04
9.994963407516479492e-01
2.710851913434453309e-05
9.998604059219360352e-01
8.496855152770876884e-04
9.996689558029174805e-01
6.054245168343186378e-04
9.997413754463195801e-01
9.997262358665466309e-01
2.667210274864828534e-08
4.431540146470069885e-04
7.030714641587110236e-07
9.995135068893432617e-01
2.381991944275796413e-04
9.995443224906921387e-01
2.013918901866418310e-06
4.580479487776756287e-02
9.990401864051818848e-01
9.985381364822387695e-01
2.768479134829249233e-07
6.541745278809685260e-08
9.999201297760009766e-01
2.063285542419635021e-09
9.998993873596191406e-01
9.998967647552490234e-01
9.910339031193871051e-06
5.488078613780089654e-07
8.505928417434915900e-05
9.997834563255310059e-01
5.822612365591339767e-06
9.992276430130004883e-01
9.996153116226196289e-01
6.407506134564755484e-07
8.039239037316292524e-05
1.230565248988568783e-04
9.994288086891174316e-01
9.993335604667663574e-01
2.492369866047283722e-09
9.997113347053527832e-01
1.000000000000000000e+00
7.408069359371438622e-05
9.993233680725097656e-01
1.189995714412361849e-06
1.093958417186513543e-05
1.818957738578319550e-02
2.319033046660479158e-05
9.984248876571655273e-01
1.446327041776385158e-05
1.130040362477302551e-01
2.662146277725696564e-02
