9.986244440078735352e-01
9.971448779106140137e-01
9.978245496749877930e-01
9.972178936004638672e-01
9.985608458518981934e-01
9.988786578178405762e-01
9.988569021224975586e-01
3.763396234717220068e-04
6.790342013118788600e-06
1.533705699330312200e-06
7.450534030795097351e-03
1.386668009217828512e-04
2.936030505225062370e-03
5.870386376045644283e-04
2.215676754713058472e-02
9.998875856399536133e-01
4.381955077406018972e-04
9.991814494132995605e-01
2.417330816388130188e-02
1.846348604885861278e-04
6.906356702529592440e-06
9.999994039535522461e-01
2.055705990642309189e-03
2.127063635271042585e-04
8.324514031410217285e-01
9.999998807907104492e-01
9.965010881423950195e-01
4.472471118788234890e-06
8.558890840504318476e-06
8.745543658733367920e-02
9.987039566040039062e-01
9.991422891616821289e-01
3.240193128585815430e-01
7.887989878654479980e-01
4.091475158929824829e-02
9.075938910245895386e-02
6.180639611557126045e-04
3.129247343167662621e-04
3.719667205587029457e-03
7.013116487541992683e-08
1.911916187964379787e-04
9.993153810501098633e-01
7.093392196111381054e-05
4.050968959927558899e-02
1.506510852777864784e-05
9.974984526634216309e-01
2.687007654458284378e-04
8.790602087974548340e-01
9.987896084785461426e-01
3.502300241962075233e-03
5.020640417933464050e-02
2.537711588956881315e-05
9.999256134033203125e-01
8.099457481876015663e-04
9.992339611053466797e-01
9.986391663551330566e-01
9.977411031723022461e-01
9.995607733726501465e-01
9.999997615814208984e-01
9.989732503890991211e-01
9.994370341300964355e-01
1.168519724160432816e-03
9.989991784095764160e-01
9.977985024452209473e-01
9.975053668022155762e-01
9.996868371963500977e-01
9.997575879096984863e-01
2.080986276268959045e-03
9.993661046028137207e-01
9.997341036796569824e-01
9.995480179786682129e-01
9.999883174896240234e-01
9.873021841049194336e-01
1.578771116328425705e-05
5.801615770906209946e-06
2.079169935313984752e-04
4.900885396637022495e-04
9.991906285285949707e-01
9.992971420288085938e-01
9.992913007736206055e-01
9.985138773918151855e-01
2.815163752529770136e-04
3.051827661693096161e-04
4.895520862191915512e-03
1.412983783666277304e-05
7.846118807792663574e-01
9.986552000045776367e-01
9.974347949028015137e-01
9.989659786224365234e-01
9.984873533248901367e-01
9.990158081054687500e-01
1.205234904773533344e-03
9.999997615814208984e-01
2.636552671901881695e-04
3.123335307464003563e-03
9.974209070205688477e-01
9.998125433921813965e-01
1.511647042207187042e-05
9.999998807907104492e-01
9.976090192794799805e-01
5.632576630887342617e-06
9.975603818893432617e-01
5.563473678193986416e-06
9.974368214607238770e-01
9.999996423721313477e-01
5.502398380485828966e-06
1.473801148677011952e-05
3.054386255030294706e-08
9.996707439422607422e-01
1.427961979061365128e-05
3.393628503545187414e-05
3.524254262447357178e-02
9.628444910049438477e-03
9.995155334472656250e-01
2.137916908395709470e-06
9.998397827148437500e-01
1.638013753108680248e-03
9.997375607490539551e-01
9.996235370635986328e-01
4.272591468179598451e-05
5.984773451928049326e-05
9.994427561759948730e-01
9.972187280654907227e-01
9.999970197677612305e-01
2.566832583397626877e-03
5.511537310667335987e-04
9.245838522911071777e-01
8.051374554634094238e-01
5.141342626302503049e-06
9.999998807907104492e-01
5.622131284326314926e-03
9.989979863166809082e-01
9.999520778656005859e-01
9.890958666801452637e-01
4.563111960887908936e-01
9.999977350234985352e-01
2.009363271326947142e-07
9.998210072517395020e-01
9.553017298458144069e-05
9.309173822402954102e-01
6.494486115116160363e-06
1.707418414298444986e-04
9.982500672340393066e-01
2.148864878108724952e-04
1.629267004318535328e-03
5.039940122514963150e-03
1.083212494850158691e-01
9.999564886093139648e-01
9.996725320816040039e-01
3.034280962310731411e-04
9.991089701652526855e-01
8.234597742557525635e-02
5.484437569975852966e-02
9.999028444290161133e-01
9.046678314916789532e-06
5.356063693761825562e-02
4.864991205977275968e-05
9.979477524757385254e-01
9.651128202676773071e-02
9.999835491180419922e-01
6.438260897994041443e-04
9.999994039535522461e-01
9.999967813491821289e-01
9.997561573982238770e-01
9.999351501464843750e-01
2.939720616268459707e-06
9.990234375000000000e-01
4.542812108993530273e-01
5.062365904450416565e-03
3.521606028079986572e-01
6.780664261896163225e-05
4.595680820784764364e-06
9.974441528320312500e-01
9.999998807907104492e-01
9.986892342567443848e-01
9.999996423721313477e-01
7.777134887874126434e-04
9.498797226115129888e-06
1.721640117466449738e-03
4.141938989050686359e-04
9.189086966216564178e-03
9.972148537635803223e-01
9.973548650741577148e-01
1.537633761472534388e-05
9.986135959625244141e-01
9.996558427810668945e-01
9.986390471458435059e-01
9.975231289863586426e-01
9.983125925064086914e-01
7.605618884554132819e-05
5.304755177348852158e-05
4.525152235146379098e-06
8.208148479461669922e-01
8.108894689939916134e-06
1.945361873367801309e-04
9.977101087570190430e-01
9.998643398284912109e-01
1.484540551900863647e-01
5.366210639476776123e-02
3.835465060546994209e-03
1.729029463604092598e-04
9.988597631454467773e-01
9.998160004615783691e-01
9.253689786419272423e-04
4.859278851654380560e-05
1.990752853453159332e-02
9.980537891387939453e-01
3.046179481316357851e-04
9.999494552612304688e-01
3.429065644741058350e-02
7.670857371522288304e-07
9.999911785125732422e-01
7.507062982767820358e-03
9.990901947021484375e-01
1.583301855134777725e-05
9.968360662460327148e-01
9.999804496765136719e-01
9.999998807907104492e-01
9.983320832252502441e-01
1.646502932999283075e-04
2.029228426181362011e-06
4.363879561424255371e-01
9.999958276748657227e-01
9.999008178710937500e-01
9.973182082176208496e-01
3.252818351029418409e-05
9.970096349716186523e-01
9.849411435425281525e-04
2.314087003469467163e-01
9.997174143791198730e-01
9.999375343322753906e-01
7.645211815834045410e-01
5.897487280890345573e-04
3.510449896566569805e-04
2.079633704852312803e-04
3.106931399088352919e-04
9.994727969169616699e-01
9.999232292175292969e-01
1.002671797323273495e-05
9.975547194480895996e-01
9.989925026893615723e-01
9.997934699058532715e-01
9.998036026954650879e-01
9.998803138732910156e-01
9.978368878364562988e-01
9.996246099472045898e-01
9.987798333168029785e-01
9.988094568252563477e-01
1.280145370401442051e-03
9.989340901374816895e-01
2.241401375613349956e-07
5.884671190869994462e-05
1.956944761332124472e-04
9.991981387138366699e-01
9.998899698257446289e-01
9.949126243591308594e-01
4.060661740368232131e-05
3.441804554313421249e-03
4.365398548543453217e-03
9.990449547767639160e-01
3.435941413044929504e-03
9.998352527618408203e-01
9.968428611755371094e-01
9.999424219131469727e-01
9.996234178543090820e-01
9.992803931236267090e-01
1.679435721598565578e-03
9.993820190429687500e-01
8.522979624103754759e-05
8.895496721379458904e-04
9.245830369764007628e-06
9.975094795227050781e-01
9.991911053657531738e-01
9.999997615814208984e-01
6.671259645372629166e-03
1.289801875827834010e-04
2.248761666123755276e-05
2.634567916393280029e-01
4.103653598576784134e-03
9.994881153106689453e-01
9.997434020042419434e-01
2.810556616168469191e-04
9.999374151229858398e-01
1.662840694189071655e-02
9.998916387557983398e-01
9.940180778503417969e-01
1.618063598871231079e-01
9.988455772399902344e-01
9.975881576538085938e-01
9.993755221366882324e-01
9.999996423721313477e-01
1.099839064409025013e-04
9.446567893028259277e-01
1.000000000000000000e+00
7.910130989330355078e-06
4.970865484210662544e-05
5.397674441337585449e-01
1.454795892641413957e-05
1.399326790124177933e-02
9.874320312519557774e-06
8.222503587603569031e-03
9.993095397949218750e-01
9.981777667999267578e-01
1.976920066226739436e-05
1.495499978773295879e-03
9.975346326828002930e-01
1.147184048022609204e-05
1.399333982021744305e-08
9.955946803092956543e-01
1.026602035381074529e-06
9.976249337196350098e-01
1.606978571544459555e-06
1.000000000000000000e+00
9.930906295776367188e-01
6.124502505144846509e-08
2.497489622328430414e-04
9.988687634468078613e-01
2.090240229790651938e-07
9.998950958251953125e-01
9.959112405776977539e-01
9.982820749282836914e-01
3.274225491622928530e-06
9.922589659690856934e-01
7.166153955040499568e-05
1.017529393720906228e-05
9.975845813751220703e-01
3.364383876323699951e-01
9.996708631515502930e-01
9.999985694885253906e-01
6.124766659922897816e-04
9.990805387496948242e-01
1.654017614782787859e-05
9.995653033256530762e-01
9.998487234115600586e-01
9.957605004310607910e-01
1.764010190963745117e-01
9.982566237449645996e-01
1.158340637630317360e-06
