1.136064753382015624e-07
9.999883174896240234e-01
9.999667406082153320e-01
6.802814459661021829e-05
1.000000000000000000e+00
9.999566078186035156e-01
9.999746084213256836e-01
9.999821186065673828e-01
9.999859333038330078e-01
4.505851306021213531e-03
9.954547882080078125e-01
4.412889211380388588e-06
9.877781271934509277e-01
9.999587535858154297e-01
1.173501473772375903e-08
9.996870756149291992e-01
8.145338142639957368e-06
6.058270810171961784e-04
5.115252133691683412e-05
9.998518228530883789e-01
5.395754101300553884e-07
4.019537300337105989e-05
7.844643157284281187e-09
9.999729394912719727e-01
1.452799460821552202e-05
1.879053888842463493e-05
5.804116153740324080e-05
9.999012947082519531e-01
9.999527931213378906e-01
1.206371962325647473e-07
9.997239708900451660e-01
9.805191755294799805e-01
9.998408555984497070e-01
9.999554157257080078e-01
1.141052991151809692e-01
9.999592304229736328e-01
5.669206530001247302e-06
5.979079008102416992e-01
1.990539021790027618e-05
9.997486472129821777e-01
4.275433127531869104e-07
9.997631907463073730e-01
9.998811483383178711e-01
9.999939203262329102e-01
1.539774821139872074e-04
2.773358859121799469e-02
9.999297857284545898e-01
1.268216583412140608e-04
6.965942247916245833e-06
6.674714541077264585e-07
1.291703374590724707e-04
3.589265133996377699e-06
9.999245405197143555e-01
9.997861981391906738e-01
9.999701976776123047e-01
7.164823263883590698e-02
7.294278475455939770e-06
6.769861647626385093e-05
9.996503591537475586e-01
9.999657869338989258e-01
4.623319488018751144e-03
9.996075034141540527e-01
9.997932314872741699e-01
9.996663331985473633e-01
9.996067881584167480e-01
9.999914169311523438e-01
9.989233613014221191e-01
9.999240636825561523e-01
9.862446188926696777e-01
9.999117851257324219e-01
9.998927116394042969e-01
9.998732805252075195e-01
9.996299743652343750e-01
7.656745910644531250e-01
1.057077406585449353e-05
9.999905824661254883e-01
9.998525381088256836e-01
9.998239874839782715e-01
1.557719855327377445e-07
9.999877214431762695e-01
9.999898672103881836e-01
9.999922513961791992e-01
9.999912977218627930e-01
9.999336004257202148e-01
9.999972581863403320e-01
1.300086182709492277e-06
1.924481267678856966e-07
1.110320102526429764e-08
2.828596904873847961e-02
5.288979783654212952e-02
1.550051197409629822e-02
9.999775886535644531e-01
9.998570680618286133e-01
3.114901855587959290e-02
1.581055548740550876e-04
9.482971429824829102e-01
9.999991655349731445e-01
4.757731585414148867e-05
9.998700618743896484e-01
9.998511075973510742e-01
9.999222755432128906e-01
9.998309612274169922e-01
1.050339687935775146e-05
2.680227908058441244e-06
7.839120626449584961e-01
3.343436110299080610e-04
9.999997615814208984e-01
4.669143352657556534e-03
2.204322299803607166e-06
9.131051774602383375e-05
9.998019337654113770e-01
4.600567335728555918e-04
1.513836593858286506e-07
4.764550976688042283e-05
9.999383687973022461e-01
1.767796220519812778e-07
9.997375607490539551e-01
9.992092251777648926e-01
9.999115467071533203e-01
7.031486165942624211e-05
9.998555183410644531e-01
9.999361038208007812e-01
3.511508839437738061e-05
9.058338403701782227e-02
2.159648720407858491e-04
9.999643564224243164e-01
4.898816645145416260e-01
1.647753082215785980e-02
3.338293936394620687e-06
9.999018907546997070e-01
9.950643181800842285e-01
9.995847344398498535e-01
9.998160004615783691e-01
6.317357765510678291e-04
1.198804420710075647e-05
3.010255511526338523e-07
9.998114705085754395e-01
3.658395598904462531e-06
2.258950007671955973e-05
1.188515379908494651e-04
9.998148083686828613e-01
9.998506307601928711e-01
9.998823404312133789e-01
3.670287333079613745e-05
9.997745156288146973e-01
9.999381303787231445e-01
1.250868444913066924e-05
9.999322891235351562e-01
1.523759961128234863e-02
9.999966621398925781e-01
1.968712061643600464e-01
2.508061152184382081e-05
9.997323155403137207e-01
3.039482362510170788e-05
9.999990463256835938e-01
2.432421315461397171e-04
1.565250204293988645e-05
1.902432813949417323e-05
9.995580315589904785e-01
9.998790025711059570e-01
9.998532533645629883e-01
9.998157620429992676e-01
9.999324083328247070e-01
9.926180791808292270e-05
2.756450325250625610e-03
1.724449020912288688e-06
9.999467134475708008e-01
4.378972649574279785e-01
9.999138116836547852e-01
9.999862909317016602e-01
9.999724626541137695e-01
9.999989271163940430e-01
9.997786879539489746e-01
7.031016866676509380e-05
9.999948740005493164e-01
4.680954589275643229e-05
1.744431756378617138e-06
2.900615509133785963e-04
9.997642636299133301e-01
1.638850153540261090e-05
8.018154744604544248e-07
9.995415210723876953e-01
9.999696016311645508e-01
9.998092055320739746e-01
8.378983475267887115e-04
2.090277266688644886e-04
9.998290538787841797e-01
9.999339580535888672e-01
9.999829530715942383e-01
9.987843632698059082e-01
9.999375343322753906e-01
9.998642206192016602e-01
2.902894318103790283e-01
9.995154142379760742e-01
9.999953508377075195e-01
9.999821186065673828e-01
9.996685981750488281e-01
5.495264485944062471e-05
9.645080426707863808e-04
2.548718036621266947e-08
3.083783667534589767e-04
9.996821880340576172e-01
4.135813713073730469e-01
9.994637370109558105e-01
9.999544620513916016e-01
5.272447015158832073e-04
9.999579191207885742e-01
9.999996423721313477e-01
9.999636411666870117e-01
4.508175379669410177e-07
9.990019202232360840e-01
1.448505173584635486e-07
8.677724599838256836e-01
9.999372959136962891e-01
9.997714161872863770e-01
2.467487865942530334e-05
9.998816251754760742e-01
9.996151924133300781e-01
1.945642509326717118e-07
9.992270469665527344e-01
7.833736503926047590e-07
1.021829554304076737e-08
5.448615550994873047e-01
9.996819496154785156e-01
9.999408721923828125e-01
9.999841451644897461e-01
9.999305009841918945e-01
3.827322903049434899e-10
1.082708913600072265e-04
4.865619871452508960e-07
7.046529049148375634e-07
6.400010170182213187e-05
9.999866485595703125e-01
1.809268607757985592e-03
4.668890163372907409e-09
2.555291727185249329e-02
7.760514009191865625e-09
1.321030777035048231e-05
9.999997615814208984e-01
6.710702291456982493e-05
9.997747540473937988e-01
2.996069525806888123e-08
2.371733717154711485e-05
2.041219733655452728e-03
9.999545812606811523e-01
9.999363422393798828e-01
1.266666771471136599e-08
5.525310916709713638e-05
9.998836517333984375e-01
9.999930858612060547e-01
9.996436834335327148e-01
5.214549787524447311e-07
3.417042898945510387e-04
9.873030781745910645e-01
9.988340735435485840e-01
9.970388412475585938e-01
7.675430923700332642e-02
7.181063294410705566e-01
2.247307520519825630e-06
1.403360515832901001e-01
8.065989277383778244e-06
9.221424988936632872e-05
3.621866562752984464e-05
9.999819993972778320e-01
9.999805688858032227e-01
9.999322891235351562e-01
9.998368024826049805e-01
9.999810457229614258e-01
9.998713731765747070e-01
9.998109936714172363e-01
9.999155998229980469e-01
9.999448060989379883e-01
9.997813105583190918e-01
5.734233127441257238e-06
9.999161958694458008e-01
9.999986886978149414e-01
2.441499382257461548e-04
2.103027654811739922e-04
4.037830606102943420e-02
2.157949410275250557e-07
8.069416071521118283e-05
9.999585151672363281e-01
1.265239006897900254e-05
9.999315738677978516e-01
1.051763956638751552e-05
9.999998807907104492e-01
3.633461176377750235e-08
7.373604178428649902e-02
9.999045133590698242e-01
1.917892694473266602e-02
9.999427795410156250e-01
1.300906404821944307e-08
8.141840953612700105e-05
4.303855530451983213e-04
3.407442476600408554e-03
9.938744902610778809e-01
9.996806383132934570e-01
1.483935164287686348e-03
5.402535308007827553e-08
9.999517202377319336e-01
5.708291173078805514e-09
9.997190833091735840e-01
9.989055395126342773e-01
9.999810457229614258e-01
2.860882133245468140e-02
9.998310804367065430e-01
9.998564720153808594e-01
1.533303475298453122e-07
7.347031350946053863e-05
1.660818816162645817e-05
1.034598244586959481e-05
9.928415529429912567e-04
1.563733629882335663e-02
1.514213830232620239e-01
9.999992847442626953e-01
9.999948740005493164e-01
2.129398286342620850e-03
3.761510658506495020e-09
9.996458292007446289e-01
9.998394250869750977e-01
2.607575152069330215e-05
3.440207801759243011e-04
2.403097099090700794e-08
6.532594852615147829e-05
1.730119547573849559e-04
9.999909400939941406e-01
9.999386072158813477e-01
8.573142054046911653e-07
7.622968951181974262e-06
9.998538494110107422e-01
9.999951124191284180e-01
9.594940820534247905e-06
9.990130662918090820e-01
6.959795136936008930e-04
9.997796416282653809e-01
9.999506473541259766e-01
9.495766162872314453e-01
1.817003637552261353e-02
