9.996061921119689941e-01
9.998723268508911133e-01
1.070116763003170490e-03
9.998229146003723145e-01
9.998641014099121094e-01
7.511058356612920761e-06
9.475816113990731537e-06
9.981510043144226074e-01
3.496253630146384239e-04
9.999641180038452148e-01
9.988350272178649902e-01
9.972520470619201660e-01
9.513564109802246094e-01
1.037923898547887802e-02
1.080101164063762553e-08
7.299404242075979710e-04
4.667199391406029463e-04
3.716679941589973168e-07
4.739242649520747364e-05
9.999510049819946289e-01
9.991559982299804688e-01
1.422822333552176133e-05
2.793299499899148941e-04
9.997429251670837402e-01
9.986847043037414551e-01
9.995869994163513184e-01
2.608622796833515167e-02
9.999051094055175781e-01
5.440007429569959641e-03
9.999165534973144531e-01
1.640801770008692984e-07
3.308055456727743149e-04
9.999841451644897461e-01
9.999450445175170898e-01
9.994495511054992676e-01
1.644723466597497463e-03
9.996343851089477539e-01
9.996562004089355469e-01
9.997442364692687988e-01
9.996813535690307617e-01
9.999915361404418945e-01
7.880772500357124954e-06
5.839792356709949672e-05
9.998360872268676758e-01
6.568595267708587926e-07
5.012277979403734207e-04
1.000000000000000000e+00
6.382481660693883896e-03
9.997095465660095215e-01
7.375665518338792026e-06
1.580312527948990464e-04
1.002439204603433609e-02
2.559490676503628492e-04
9.991932511329650879e-01
9.996275901794433594e-01
9.997929930686950684e-01
9.999655485153198242e-01
9.999997615814208984e-01
4.247069682605797425e-06
9.890797082334756851e-04
9.991408586502075195e-01
1.580900516273686662e-06
9.149075594905298203e-06
9.999866485595703125e-01
9.998525381088256836e-01
2.962421625852584839e-03
9.986572265625000000e-01
2.629621178584784502e-07
9.990277290344238281e-01
1.151083124568685889e-04
9.999092817306518555e-01
9.998688697814941406e-01
2.794914053083630279e-06
2.696986598493822385e-07
9.999610185623168945e-01
9.995270967483520508e-01
9.999408721923828125e-01
8.161990263033658266e-05
9.998787641525268555e-01
1.960841007530689240e-03
1.120107554015703499e-04
9.998860359191894531e-01
9.990366697311401367e-01
9.999418258666992188e-01
1.925943493843078613e-01
1.035896275425329804e-07
9.995606541633605957e-01
9.988456964492797852e-01
2.260836045024916530e-04
9.999804496765136719e-01
9.995471835136413574e-01
1.382867776555940509e-04
9.999994039535522461e-01
2.640180127855273895e-06
1.408881414681673050e-02
1.000000000000000000e+00
9.998477697372436523e-01
5.660605893353931606e-05
9.997091889381408691e-01
1.335858716629445553e-03
1.241807476617395878e-03
9.999364614486694336e-01
3.229747017030604184e-05
9.997522234916687012e-01
9.974755644798278809e-01
9.999562501907348633e-01
9.998286962509155273e-01
9.999562501907348633e-01
3.971612022724002600e-05
5.662651801685569808e-06
9.997941851615905762e-01
1.086099655367434025e-05
1.999612152576446533e-01
9.999598264694213867e-01
9.992345571517944336e-01
1.984775662422180176e-01
2.630499075166881084e-04
3.296429058536887169e-04
9.991394281387329102e-01
9.996249675750732422e-01
9.997557997703552246e-01
9.995539784431457520e-01
9.999767541885375977e-01
1.935759246407542378e-05
9.998917579650878906e-01
1.103926933865295723e-06
8.109072950901463628e-05
9.997377991676330566e-01
1.349951513111591339e-02
1.680023046901624184e-06
9.999327659606933594e-01
9.998996257781982422e-01
9.999223947525024414e-01
9.999641180038452148e-01
1.474478514865040779e-03
4.838351014768704772e-05
8.786630816757678986e-03
9.992502331733703613e-01
2.885434369090944529e-04
9.995779395103454590e-01
9.991225600242614746e-01
3.910484258085489273e-03
9.998817443847656250e-01
9.994051456451416016e-01
8.392343879677355289e-04
9.999830722808837891e-01
4.622855158231686801e-06
3.631234576459974051e-04
7.447443931596353650e-05
2.226870492449961603e-05
2.067484601866453886e-04
4.694956805906258523e-05
9.994296431541442871e-01
2.740649449606280541e-07
3.538684686645865440e-04
9.997516274452209473e-01
1.439341161812990322e-07
9.987903237342834473e-01
9.995654225349426270e-01
1.653640246956911142e-08
9.999920129776000977e-01
2.150520543864331557e-07
2.348048610656405799e-06
9.979356527328491211e-01
9.996094107627868652e-01
8.499321937561035156e-01
9.999940395355224609e-01
2.258881067973561585e-05
9.992843270301818848e-01
2.561832661740481853e-05
9.977256655693054199e-01
1.618754708943015430e-06
9.996520280838012695e-01
5.748905707150697708e-03
9.997078776359558105e-01
9.997246861457824707e-01
9.994088411331176758e-01
9.997435212135314941e-01
9.998811483383178711e-01
7.749483920633792877e-03
3.617864276748150587e-04
9.936167001724243164e-01
3.572378318494884297e-06
7.031446148175746202e-05
9.999747276306152344e-01
9.999213218688964844e-01
4.989324224879965186e-07
9.993621706962585449e-01
9.999133348464965820e-01
1.069345034920843318e-05
3.793148607655894011e-06
7.888413529144600034e-05
3.920040398952551186e-06
9.988982677459716797e-01
4.761143121868371964e-03
9.990208148956298828e-01
3.161986824125051498e-04
5.469555035233497620e-03
9.994244575500488281e-01
1.448598806746304035e-03
9.997860789299011230e-01
9.991611242294311523e-01
1.128458052335190587e-06
2.338010602898066281e-07
9.997447133064270020e-01
9.100940227508544922e-01
6.187104736454784870e-05
3.388718178030103445e-04
1.543609045029370463e-07
1.357407654722919688e-06
9.990358352661132812e-01
9.999903440475463867e-01
9.999179840087890625e-01
3.420685246169341553e-08
9.999965429306030273e-01
9.837341308593750000e-01
9.998447895050048828e-01
7.494671194763213862e-08
9.998119473457336426e-01
4.185414582025259733e-06
1.240211859112605453e-04
9.997866749763488770e-01
5.789496935904026031e-03
9.996629953384399414e-01
1.939756293722894043e-05
9.999991655349731445e-01
9.997689127922058105e-01
9.999289512634277344e-01
4.806375272892182693e-06
4.639727194444276392e-06
9.999855756759643555e-01
9.989080429077148438e-01
5.784797831438481808e-04
9.995986819267272949e-01
5.335521325469017029e-02
2.078599266042147065e-07
9.996954202651977539e-01
9.996690750122070312e-01
1.285036269109696150e-04
8.500074744224548340e-01
9.999310970306396484e-01
8.401858806610107422e-01
5.270049950922839344e-05
1.101105663110502064e-04
1.653640246956911142e-08
9.620660543441772461e-01
9.999160766601562500e-01
9.996432065963745117e-01
9.998694658279418945e-01
9.994543194770812988e-01
9.996776580810546875e-01
2.778628913802094758e-05
9.970130920410156250e-01
1.301732936553889886e-05
2.231981710565378307e-07
9.999088048934936523e-01
4.338515922427177429e-03
9.995869994163513184e-01
9.950206279754638672e-01
9.999933242797851562e-01
1.071885776582348626e-06
4.098851233720779419e-02
8.584976058045867831e-06
7.397599983960390091e-05
1.853584684431552887e-02
9.998526573181152344e-01
3.382926583290100098e-01
9.995380640029907227e-01
1.117273204727098346e-04
4.863057658076286316e-02
9.995883107185363770e-01
9.999996423721313477e-01
9.454779028892517090e-01
1.141440495848655701e-02
9.996711015701293945e-01
9.999066591262817383e-01
5.397804547101259232e-03
1.772591895132791251e-05
9.615147973818238825e-06
9.991409778594970703e-01
1.768881702446378767e-05
9.993048906326293945e-01
9.990180730819702148e-01
4.124904808122664690e-04
9.992594122886657715e-01
9.997618794441223145e-01
6.365293520502746105e-04
9.995461106300354004e-01
1.982467510970309377e-04
1.110174041241407394e-02
8.187350630760192871e-01
2.863970109956426313e-07
6.553567014634609222e-03
9.992030262947082520e-01
4.745308160636341199e-06
6.042133551090955734e-03
2.857480831153225154e-05
9.999938011169433594e-01
9.989985823631286621e-01
3.877531364560127258e-02
9.999828338623046875e-01
6.599610787816345692e-05
3.456235936027951539e-05
9.988011121749877930e-01
9.996991157531738281e-01
9.994233846664428711e-01
9.992438554763793945e-01
1.551901251077651978e-01
9.993315935134887695e-01
9.980346560478210449e-01
9.999960660934448242e-01
9.993215799331665039e-01
9.995121955871582031e-01
9.647758997743949294e-05
9.998359680175781250e-01
7.333088433369994164e-05
9.989504814147949219e-01
9.986050724983215332e-01
9.999418258666992188e-01
9.999949932098388672e-01
1.288499087095260620e-01
7.667952030897140503e-02
9.992550015449523926e-01
8.377442100027110428e-06
2.104086524923332036e-05
1.489308197051286697e-03
9.997882246971130371e-01
1.000000000000000000e+00
9.999846220016479492e-01
9.998439550399780273e-01
5.353084802627563477e-01
1.305256155319511890e-04
1.350755519524682313e-05
7.364749762928113341e-06
4.447042101674014702e-06
9.993713498115539551e-01
9.565943764755502343e-05
4.996767893317155540e-05
